155 & 156/15
2001 9787 P
2002 273 CA
2004 19212 P
2004 25M
2004 63 M
2005 2747 P
2006 68 M
2008 833 S
2009 21 M
2009 7569 P
2010 11215 P
2010 43 M
2010 49 FJ
2010 5214 S
2010 847 P
2010 856 SP
2011 10735 P
2011 297 EXT
2011 4283P
2012 118 SP
2012 13 CAF
2012 13143 P
2012 194 SP
2012 2801 S
2012 316 SP
2012 3527 P
2012 3850 P
2012 430 P
2012 463 MCA
2012 5061 P
2012 661 SP
2013 012994 P
2013 11230 P
2013 11583 P
2013 11584 P
2013 12219 P
2013 126 MCA
2013 12987 P
2013 292 SP
2013 35 M
2013 36 M
2013 41 M
2013 45 M
2013 55 M
2013 9266 P
2014 10256 P
2014 1026 S
2014 10540 P
2014 1170
2014 1210
2014 1379 P
2014 2186 S
2014 2244 P
2014 2492 S
2014 3319 P
2014 3394 P
2014 399 R
2014 6642 P
2014 745
2014 8 M
2014 8277 P
2014 9212 P
2014 9347 P
2014 9348 P
2015 10100 P
2015 16 M
2015 205 SP
2015 306
2015 3588 P
2015 3972 P
2015 520 JR
2015 54 M
2015 5676 P
2015 59 R
2015 6 M
2015 60 R
2015 606 S
2015 646 JR
2015 709P
2015 805 P
2015 806 P
2015 808 P
2015 810 P
2015 811 P
2015 812 P
2015 8985 P
2016 1 CAT
2016 1034 S
2016 11115 P
2016 11241 P
2016 113 SP
2016 114
2016 1222 P
2016 1376 S
2016 1464 S
2016 15 M
2016 1592 S
2016 165
2016 1664 S
2016 183 EXT
2016 1832 P
2016 1983 P
2016 207
2016 2170P
2016 2192 S
2016 2204 S
2016 2233 S
2016 237 S
2016 239 S
2016 243 S
2016 255
2016 263 MCA
2016 2979 P
2016 312 JR
2016 328
2016 33 CAT
2016 353
2016 358 MCA
2016 36 JR
2016 389
2016 40 CAF
2016 420
2016 432
2016 454 SP
2016 465 SP
2016 47 CA
2016 483 SS
2016 509 SP
2016 512 SP
2016 52 M
2016 529
2016 541 P
2016 564
2016 5845 P
2016 60 M
2016 6218 P
2016 638 JR
2016 6956 P
2016 71
2016 72 JR
2016 747 S
2016 774 JR
2016 810 JR
2016 8880 P
2016 92
2016 923 S
2016 9869 P
2017 00151 JR
2017 00213 COS
2017 00252 COS
2017 00500 JR
2017 10 CA
2017 106
2017 120
2017 1268 P
2017 130 MCA
2017 136
2017 140
2017 145 MCA
2017 150 
2017 153 SP
2017 164
2017 177 MCA
2017 180
2017 191
2017 199
2017 2 CAT
2017 205 MCA
2017 206 MCA
2017 207
2017 218
2017 232
2017 239
2017 2415 P
2017 25 CAF
2017 252
2017 259
2017 27 M
2017 273 S
2017 274
2017 281
2017 281 JR
2017 283
2017 286
2017 287
2017 289
2017 29 JR
2017 290
2017 291
2017 292
2017 293
2017 295
2017 296
2017 297
2017 298
2017 299
2017 30 COS
2017 300
2017 301
2017 303
2017 3055 p
2017 307
2017 312
2017 313
2017 32 CAF
2017 320
2017 34 CAF
2017 34 M
2017 35
2017 3547 P
2017 367
2017 37 CAF
2017 371 JR
2017 38 CA
2017 3872 P
2017 39 CA
2017 41 M
2017 416 S
2017 42 M
2017 4269 P
2017 44 CAF
2017 48 CAF
2017 49 CAF
2017 5121 P
2017 5182 P
2017 540 JR
2017 5726 P
2017 584 JR
2017 599 S
2017 6072 P
2017 6128 P
2017 6283 P
2017 63
2017 64 MCA
2017 6452 P
2017 659 SS
2017 6772 P
2017 6839 P
2017 708 S
2017 718 SS
2017 8 FJ
2017 8 M
2017 80
2017 81
2017 90
2017 91
2017 97 COS
2017 99 JR
265CPA/16
53/14
70/15
87380
95603a
95615
96441
96558
96857
96963
97196
97521b
98158
CCDP0002/2016
CCDP0057/2015
CCDP0058/2016
CCDP0079/2017
CCDP0080/2017
CCDP0084/2015
CCDP0096/2015
Feb 16
